0000000000000000000000000000000000000000000000000000000000000000000000000000000000000000000000000000
0000000000000000000000000000000000000000000000000000000000000000000000000000000000000000000000000000
0000000000000000000000000000000000000000000000000000000000000000000000212111111200000000000000000000
0000000000000000000000000000000000000000000000000000000000000000000000111211111200000000000000000000
0000000000000000000000000000000000000000000000000000000000000000000000112111112200000000000000000000
0000000000000000000000000000000000000000000000000000000000000000000000111111111100000000000000000000
0000000000000000000000000000000000000000000000000000000000000000000000111111111100000000000000000000
0000000000000000000000000000000000000000000000000000000000000000000000121111211100000000000000000000
0000000000000011211100000000000000000000000000000000000000000000000000111112212100000000000000000000
0000000000000012122100000000000000000000000000000000000000000000000000212112122300000000000000000000
0000000000000012121100000000000000000000000000000000000000000000000000112121133300000000000000000000
0111111111211132332311222111111000000000000000000000000000000000000000111111222200000000000000000000
0111112211111132222212111122211000000000000000000000000000000000000000211121132200000000000000000000
0111111111111133223212212211111000000000000000000000000000000000000000111111132200000000000000000000
0111111111111222234212211121111000000000000000000000000000000000000000121112122321111111110000000000
0211111111232233354511111111111000000000000000000000000000000000000000112111122221211111110000000000
0111121111123234333321112111211000000000000000000000000000000000000021223222243412212111110000000000
0111121111123244333311121111112000000000000000000000000000000000000122433333454512112111110000000000
0111211121122333343322333222322110000000000000000000000000000000000132333343345422111111210000000000
0111111111122234433332222242222110000000000000000000000000000000000122334443344411211111110000000000
0000111122343445585744433434333344332320000000000000000000000000000001111121222376856556575211210000
0000111121223335445643545343433333222310000000000000000000000000000001121111111296865756565221120000
0000111111122223333453343344334335322210000000000000000000000000000001111111121397565575454211110000
0000000000021122223333334343544453222210000000000000000000000000000001211111111287765576454211110000
0000000000011112223433343434443535232210000000000000000000000000000001111111111475574545333111110000
0000000000021112121242332233222232342210000000000000000000000000000001121211111366564654435111110000
0000000000021111111332322232233232222320000000000000000000000000000001112112112256445544433111110000
0000000000022122221222332322443222222210000000000000000000000000000001112211111255444333222121110000
0000000000011111111232232224222222232310000000000000000000000000000001111211111354355443322211110000
0000000000011111111232223342324232223210000000000000000000000000000001111111111245434433222111110000
0000000000011111211232322334232222222210000000000000000000000000000001111111121344343444222111210000
0000000000011111111222332222333233222210000000000000000000000000000001122111112244443353222111110000
0000000000000000000122333323222222322210000000000000000000000000000001121111111244343333232211120000
0000000000000000000011111111111112111110000000000000000000000000000001111111111243332222111212120000
0000000000000000000011212111111211111110000000000000000000000000000000000000000143222323212111110000
0000000000000000000011122111111121111110000000000000000000000000000000000000000243432223111111110000
0000000000000000000011112111112111122110000000000012111221111111111000000000000122212111111122120000
0000000000000000000000000000000000000000000000000011111212112111111000000000000112000000000000000000
0000000000000000000000000000000000000000000000021111111111111111111000000000000100000000000000000000
0000000000000000000000000000000000000000000000011111111111121111111000000000000000000000000000000000
0000000000000000000000000000000000000000000000011122112112111112111000000000000000000000000000000000
0000000000000000000000000000000000000000000000011111112112211111111000000000000000000000000000000000
0000000000000000000000000000000000000000000000011111211111121111111000000000000000000000000000000000
0000000000000000000000000000000000000000000000011111111112212111111000000000000000000000000000000000
0000000000000000000000000000000000000000000000011311211111111111111000000000000000000000000000000000
0000000000000000000000000000000000000000000000011312121111111111112000000000000000000000000000000000
0000000000000000000000000000000000000000000000011211111211112111111000000000000000000000000000000000
0000000000000000000000000000000000000000000000012411111111111112111000000000000000000000000000000000
0000000000000000000000000000000002221111111111222522211121221111111000000000000000000000000000000000
0000000000000000000000000000000001111111111112133411111111221112212000000000000000000000000000000000
0000000000000000000000000000000012223355445566677854222423223233331120000000000000000000000000000000
0000000000000000000000000000000024223364445578788933332232233323321110000000000000000000000000000000
0000000000000000000000000000000012233356455779668734233322222322221110000000000000000000000000000000
0000000000000000000000000000000012226344446716767743242333222223221110000000000000000000000000000000
0000000000000000000000000000000013223445446679876634223222323322231110000000000000000000000000000000
0000000000000000000000000000000013223365455576666734222223232222242110000000000000000000000000000000
0000000000000000000000000000000012323444455587777633211112111111211210000000000000000000000000000000
0000000000000000000000000000000022223555557555666523111111111111212120000000000000000000000000000000
0000000000000000000000000000000012232243334455566512000000000000000000000000000000000000000000000000
0000000000000000000000000000000012232333224534345511000000000000000000000000000000000000000000000000
0000000000000000000000000000000012332233334433343311000000000000000000000000000000000000000000000000
0000000000000000000000000000000013223322323334334311000000000000000000000000000011121111111111112100
0000000000000000011100000000000012223222233443333411000000000000000000000000000032223223211211211200
0000000000000021132200000000000022224222223334333311000000000000000000000000000022322222211111111100
0000000000000011132211211121210012323333323553343400000000000000000000000000000033222332321121211100
0000000000000011132212111112110013223232224433443300000000000000000000000000000022222222212111111100
0000000000000022123311112112210011111121112223232200000000000000000000000000000023232322211221111100
0000000000000011133221121211110021111112122121121100000000000000000000000000000022322233311121112200
0001111111111133233312112111110011111111221111111100000000000000000000000000000022322222311211111200
0001112111111122343322111112110000000000000000000000000000000000000000000000000023222223211111211100
0002211111111132233521112211110000000000000000000000000000000000000000000000000023222322221121222100
0001111211111222343423223232310000000000000000000000000000000000000000000000000022232223212121111200
0002111112211132434433222232210000000000000000000000000000000000000000000000000022222322221111112100
0001112111111122335423323222210000000000000000000000000000000000000000000000000022322232411211121100
0001111111121123253423222222320000000000000000000000000000000000000000000000000033334343521111111100
0001111111111133234322222322210000000000000000000000000000000000000000000000000034333343421111111100
0002111111111134344334445444331111112000000000000000000000000000000000000000000065666533331111111100
0001111112111222333333334343321111211000000000000000000000000000000000000000000085586644431111111100
0001111111211122244343334334331111121000000000000000000000000000000000000000000065655533321111121100
0001111111111222333433345543421111111000000000000000000000000000000000000000001257568745321112111100
0000001123333355544522232112112111200000000000000000000000000000212233455565685522223222122112121120
0000002125433455674432222121111212100000000000000000000000000000113243465565557621111122111111111110
0000001224343455445522222211111112100000000000000000000000000000112333555665865611111111221111111120
0000001224333454565533232211111111100000000000000000000000000000122233444685575721111211112111111210
0000001134434444444432224111111111200000000000000000000000000000113243333455554611111111111111111110
0000002123354465555423222111111111100000000000000000000000000000112253334445454511111111112121111110
0000001113222232232211212000000000000000000000000000000000000000001233233344333411111211112111211210
0000001113222223223221121000000000000000000000000000000000000000001132222344343311111211111211221110
0000001111111111211121111000000000000000000000000000000000000000001122333334333311121121211112111210
0000001211211211111211221000000000000000000000000000000000000000002123222334334311112111112111111110
0000001211111111211111211000000000000000000000000000000000000000001133322434333311111111211111111110
0000001111111211111111112000000000000000000000000000000000000000001222242324233211111111211111111210
0000001111111221111122111000000000000000000000000000000000000000002222323222323211111111211111121110
0000000000000000000011111000000000000000000000000000000000000000001233222224222211111112111111211110
0000000000000000000011211000000000000000000000000000000000000000001222222322323211111111221212111110
0000000000000000000011111000000000000000000000000000000000000000002111112121111100000000000000000000
0000000000000000000011111000000000000000000000000000000000000000001111112112111100000000000000000000
0000000000000000000011111000000000000000000000000000000000000000001111111111111100000000000000000000
0000000000000000000011112000000000000000000000000000000000000000000000000000000000000000000000000000
0000000000000000000000000000000000000000000000000000000000000000000000000000000000000000000000000000